(0,0,0) 0
(1,0,0) 0
(2,0,1) 0
(2,0,2) 0
(2,0,3) 0
(2,0,4) 0
(2,0,5) 0
(2,0,6) 0
(2,0,7) 0
(2,0,8) 0
(2,0,9) 0
(2,0,10) 0
(2,1,1) 0
(2,1,2) 0
(2,1,3) 0
(2,1,4) 0
(2,1,5) 0
(2,1,6) 0
(2,1,7) 0
(2,1,8) 0
(2,1,9) 0
(2,1,10) 0
(3,0,1) 0
(3,0,2) 0
(3,0,3) 0
(3,0,4) 0
(3,0,5) 0
(3,0,6) 0
(3,0,7) 0
(3,0,8) 0
(3,0,9) 0
(3,0,10) 0
(3,1,1) 0
(3,1,2) 0
(3,1,3) 0
(3,1,4) 0
(3,1,5) 0
(3,1,6) 0
(3,1,7) 0
(3,1,8) 0
(3,1,9) 0
(3,1,10) 0
(4,0,1) 0
(4,0,2) 0
(4,0,3) 0
(4,0,4) 0
(4,0,5) 0
(4,0,6) 0
(4,0,7) 0
(4,0,8) 0
(4,0,9) 0
(4,0,10) 0
(4,1,1) 0
(4,1,2) 0
(4,1,3) 0
(4,1,4) 0
(4,1,5) 0
(4,1,6) 0
(4,1,7) 0
(4,1,8) 0
(4,1,9) 0
(4,1,10) 0
(5,0,1) 0
(5,0,2) 0
(5,0,3) 0
(5,0,4) 0
(5,0,5) 0
(5,0,6) 0
(5,0,7) 0
(5,0,8) 0
(5,0,9) 0
(5,0,10) 0
(5,1,1) 0
(5,1,2) 0
(5,1,3) 0
(5,1,4) 0
(5,1,5) 0
(5,1,6) 0
(5,1,7) 0
(5,1,8) 0
(5,1,9) 0
(5,1,10) 0
(6,0,1) 0
(6,0,2) 0
(6,0,3) 0
(6,0,4) 0
(6,0,5) 0
(6,0,6) 0
(6,0,7) 0
(6,0,8) 0
(6,0,9) 0
(6,0,10) 0
(6,1,1) 0
(6,1,2) 0
(6,1,3) 0
(6,1,4) 0
(6,1,5) 0
(6,1,6) 0
(6,1,7) 0
(6,1,8) 0
(6,1,9) 0
(6,1,10) 0
(7,0,1) 0
(7,0,2) 0
(7,0,3) 0
(7,0,4) 0
(7,0,5) 0
(7,0,6) 0
(7,0,7) 0
(7,0,8) 0
(7,0,9) 0
(7,0,10) 0
(7,1,1) 0
(7,1,2) 0
(7,1,3) 0
(7,1,4) 0
(7,1,5) 0
(7,1,6) 0
(7,1,7) 0
(7,1,8) 0
(7,1,9) 0
(7,1,10) 0
(8,0,1) 0
(8,0,2) 0
(8,0,3) 0
(8,0,4) 0
(8,0,5) 0
(8,0,6) 0
(8,0,7) 0
(8,0,8) 0
(8,0,9) 0
(8,0,10) 0
(8,1,1) 0
(8,1,2) 0
(8,1,3) 0
(8,1,4) 0
(8,1,5) 0
(8,1,6) 0
(8,1,7) 0
(8,1,8) 0
(8,1,9) 0
(8,1,10) 0
(9,0,1) 0
(9,0,2) 0
(9,0,3) 0
(9,0,4) 0
(9,0,5) 0
(9,0,6) 0
(9,0,7) 0
(9,0,8) 0
(9,0,9) 0
(9,0,10) 0
(9,1,1) 0
(9,1,2) 0
(9,1,3) 0
(9,1,4) 0
(9,1,5) 0
(9,1,6) 0
(9,1,7) 0
(9,1,8) 0
(9,1,9) 0
(9,1,10) 0
(10,0,1) 0
(10,0,2) 0
(10,0,3) 0
(10,0,4) 0
(10,0,5) 0
(10,0,6) 0
(10,0,7) 0
(10,0,8) 0
(10,0,9) 0
(10,0,10) 0
(10,1,1) 0
(10,1,2) 0
(10,1,3) 0
(10,1,4) 0
(10,1,5) 0
(10,1,6) 0
(10,1,7) 0
(10,1,8) 0
(10,1,9) 0
(10,1,10) 0
(11,0,1) 0
(11,0,2) 0
(11,0,3) 0
(11,0,4) 0
(11,0,5) 0
(11,0,6) 0
(11,0,7) 0
(11,0,8) 0
(11,0,9) 0
(11,0,10) 0
(11,1,1) 0
(11,1,2) 0
(11,1,3) 0
(11,1,4) 0
(11,1,5) 0
(11,1,6) 0
(11,1,7) 0
(11,1,8) 0
(11,1,9) 0
(11,1,10) 0
(12,0,1) 0
(12,0,2) 0
(12,0,3) 0
(12,0,4) 0
(12,0,5) 0
(12,0,6) 0
(12,0,7) 0
(12,0,8) 0
(12,0,9) 0
(12,0,10) 0
(12,1,1) 0
(12,1,2) 0
(12,1,3) 0
(12,1,4) 0
(12,1,5) 0
(12,1,6) 0
(12,1,7) 0
(12,1,8) 0
(12,1,9) 0
(12,1,10) 0
(13,0,1) 0
(13,0,2) 0
(13,0,3) 0
(13,0,4) 0
(13,0,5) 0
(13,0,6) 0
(13,0,7) 0
(13,0,8) 0
(13,0,9) 0
(13,0,10) 0
(13,1,1) 0
(13,1,2) 0
(13,1,3) 0
(13,1,4) 0
(13,1,5) 0
(13,1,6) 0
(13,1,7) 0
(13,1,8) 0
(13,1,9) 0
(13,1,10) 0
(14,0,1) 0
(14,0,2) 0
(14,0,3) 0
(14,0,4) 0
(14,0,5) 0
(14,0,6) 0
(14,0,7) 0
(14,0,8) 0
(14,0,9) 0
(14,0,10) 0
(14,1,1) 0
(14,1,2) 0
(14,1,3) 0
(14,1,4) 0
(14,1,5) 0
(14,1,6) 0
(14,1,7) 0
(14,1,8) 0
(14,1,9) 0
(14,1,10) 0
(15,0,1) 0
(15,0,2) 0
(15,0,3) 0
(15,0,4) 0
(15,0,5) 0
(15,0,6) 0
(15,0,7) 0
(15,0,8) 0
(15,0,9) 0
(15,0,10) 0
(15,1,1) 0
(15,1,2) 0
(15,1,3) 0
(15,1,4) 0
(15,1,5) 0
(15,1,6) 0
(15,1,7) 0
(15,1,8) 0
(15,1,9) 0
(15,1,10) 0
(16,0,1) 0
(16,0,2) 0
(16,0,3) 0
(16,0,4) 0
(16,0,5) 0
(16,0,6) 0
(16,0,7) 0
(16,0,8) 0
(16,0,9) 0
(16,0,10) 0
(16,1,1) 0
(16,1,2) 0
(16,1,3) 0
(16,1,4) 0
(16,1,5) 0
(16,1,6) 0
(16,1,7) 0
(16,1,8) 0
(16,1,9) 0
(16,1,10) 0
(17,0,1) 0
(17,0,2) 0
(17,0,3) 0
(17,0,4) 0
(17,0,5) 0
(17,0,6) 0
(17,0,7) 0
(17,0,8) 0
(17,0,9) 0
(17,0,10) 0
(17,1,1) 0
(17,1,2) 0
(17,1,3) 0
(17,1,4) 0
(17,1,5) 0
(17,1,6) 0
(17,1,7) 0
(17,1,8) 0
(17,1,9) 0
(17,1,10) 0
(18,0,1) 0
(18,0,2) 0
(18,0,3) 0
(18,0,4) 0
(18,0,5) 0
(18,0,6) 0
(18,0,7) 0
(18,0,8) 0
(18,0,9) 0
(18,0,10) 0
(18,1,1) 0
(18,1,2) 0
(18,1,3) 0
(18,1,4) 0
(18,1,5) 0
(18,1,6) 0
(18,1,7) 0
(18,1,8) 0
(18,1,9) 0
(18,1,10) 0
(19,0,1) 0
(19,0,2) 0
(19,0,3) 0
(19,0,4) 0
(19,0,5) 0
(19,0,6) 0
(19,0,7) 0
(19,0,8) 0
(19,0,9) 0
(19,0,10) 0
(19,1,1) 0
(19,1,2) 0
(19,1,3) 0
(19,1,4) 0
(19,1,5) 0
(19,1,6) 0
(19,1,7) 0
(19,1,8) 0
(19,1,9) 0
(19,1,10) 0
(20,0,1) 0
(20,0,2) 0
(20,0,3) 0
(20,0,4) 0
(20,0,5) 0
(20,0,6) 0
(20,0,7) 0
(20,0,8) 0
(20,0,9) 0
(20,0,10) 0
(20,1,1) 0
(20,1,2) 0
(20,1,3) 0
(20,1,4) 0
(20,1,5) 0
(20,1,6) 0
(20,1,7) 0
(20,1,8) 0
(20,1,9) 0
(20,1,10) 0

(0,0,0) 0
(1,0,0) 0
(2,0,1) 0
(2,0,2) 0
(2,0,3) 0
(2,0,4) 0
(2,0,5) 0
(2,0,6) 0
(2,0,7) 0
(2,0,8) 0
(2,0,9) 0
(2,0,10) 0
(2,1,1) 0
(2,1,2) 0
(2,1,3) 0
(2,1,4) 0
(2,1,5) 0
(2,1,6) 0
(2,1,7) 0
(2,1,8) 0
(2,1,9) 0
(2,1,10) 0
(3,0,1) 0
(3,0,2) 0
(3,0,3) 0
(3,0,4) 0
(3,0,5) 0
(3,0,6) 0
(3,0,7) 0
(3,0,8) 0
(3,0,9) 0
(3,0,10) 0
(3,1,1) 0
(3,1,2) 0
(3,1,3) 0
(3,1,4) 0
(3,1,5) 0
(3,1,6) 0
(3,1,7) 0
(3,1,8) 0
(3,1,9) 0
(3,1,10) 0
(4,0,1) 0
(4,0,2) 0
(4,0,3) 0
(4,0,4) 0
(4,0,5) 0
(4,0,6) 0
(4,0,7) 0
(4,0,8) 0
(4,0,9) 0
(4,0,10) 0
(4,1,1) 0
(4,1,2) 0
(4,1,3) 0
(4,1,4) 0
(4,1,5) 0
(4,1,6) 0
(4,1,7) 0
(4,1,8) 0
(4,1,9) 0
(4,1,10) 0
(5,0,1) 0
(5,0,2) 0
(5,0,3) 0
(5,0,4) 0
(5,0,5) 0
(5,0,6) 0
(5,0,7) 0
(5,0,8) 0
(5,0,9) 0
(5,0,10) 0
(5,1,1) 0
(5,1,2) 0
(5,1,3) 0
(5,1,4) 0
(5,1,5) 0
(5,1,6) 0
(5,1,7) 0
(5,1,8) 0
(5,1,9) 0
(5,1,10) 0
(6,0,1) 0
(6,0,2) 0
(6,0,3) 0
(6,0,4) 0
(6,0,5) 0
(6,0,6) 0
(6,0,7) 0
(6,0,8) 0
(6,0,9) 0
(6,0,10) 0
(6,1,1) 0
(6,1,2) 0
(6,1,3) 0
(6,1,4) 0
(6,1,5) 0
(6,1,6) 0
(6,1,7) 0
(6,1,8) 0
(6,1,9) 0
(6,1,10) 0
(7,0,1) 0
(7,0,2) 0
(7,0,3) 0
(7,0,4) 0
(7,0,5) 0
(7,0,6) 0
(7,0,7) 0
(7,0,8) 0
(7,0,9) 0
(7,0,10) 0
(7,1,1) 0
(7,1,2) 0
(7,1,3) 0
(7,1,4) 0
(7,1,5) 0
(7,1,6) 0
(7,1,7) 0
(7,1,8) 0
(7,1,9) 0
(7,1,10) 0
(8,0,1) 0
(8,0,2) 0
(8,0,3) 0
(8,0,4) 0
(8,0,5) 0
(8,0,6) 0
(8,0,7) 0
(8,0,8) 0
(8,0,9) 0
(8,0,10) 0
(8,1,1) 0
(8,1,2) 0
(8,1,3) 0
(8,1,4) 0
(8,1,5) 0
(8,1,6) 0
(8,1,7) 0
(8,1,8) 0
(8,1,9) 0
(8,1,10) 0
(9,0,1) 0
(9,0,2) 0
(9,0,3) 0
(9,0,4) 0
(9,0,5) 0
(9,0,6) 0
(9,0,7) 0
(9,0,8) 0
(9,0,9) 0
(9,0,10) 0
(9,1,1) 0
(9,1,2) 0
(9,1,3) 0
(9,1,4) 0
(9,1,5) 0
(9,1,6) 0
(9,1,7) 0
(9,1,8) 0
(9,1,9) 0
(9,1,10) 0
(10,0,1) 0
(10,0,2) 0
(10,0,3) 0
(10,0,4) 0
(10,0,5) 0
(10,0,6) 0
(10,0,7) 0
(10,0,8) 0
(10,0,9) 0
(10,0,10) 0
(10,1,1) 0
(10,1,2) 0
(10,1,3) 0
(10,1,4) 0
(10,1,5) 0
(10,1,6) 0
(10,1,7) 0
(10,1,8) 0
(10,1,9) 0
(10,1,10) 0
(11,0,1) 0
(11,0,2) 0
(11,0,3) 0
(11,0,4) 0
(11,0,5) 0
(11,0,6) 0
(11,0,7) 0
(11,0,8) 0
(11,0,9) 0
(11,0,10) 0
(11,1,1) 0
(11,1,2) 0
(11,1,3) 0
(11,1,4) 0
(11,1,5) 0
(11,1,6) 0
(11,1,7) 0
(11,1,8) 0
(11,1,9) 0
(11,1,10) 0
(12,0,1) 0
(12,0,2) 0
(12,0,3) 0
(12,0,4) 0
(12,0,5) 0
(12,0,6) 0
(12,0,7) 0
(12,0,8) 0
(12,0,9) 0
(12,0,10) 0
(12,1,1) 0
(12,1,2) 0
(12,1,3) 0
(12,1,4) 0
(12,1,5) 0
(12,1,6) 0
(12,1,7) 0
(12,1,8) 0
(12,1,9) 0
(12,1,10) 0
(13,0,1) 0
(13,0,2) 0
(13,0,3) 0
(13,0,4) 0
(13,0,5) 0
(13,0,6) 0
(13,0,7) 0
(13,0,8) 0
(13,0,9) 0
(13,0,10) 0
(13,1,1) 0
(13,1,2) 0
(13,1,3) 0
(13,1,4) 0
(13,1,5) 0
(13,1,6) 0
(13,1,7) 0
(13,1,8) 0
(13,1,9) 0
(13,1,10) 0
(14,0,1) 0
(14,0,2) 0
(14,0,3) 0
(14,0,4) 0
(14,0,5) 0
(14,0,6) 0
(14,0,7) 0
(14,0,8) 0
(14,0,9) 0
(14,0,10) 0
(14,1,1) 0
(14,1,2) 0
(14,1,3) 0
(14,1,4) 0
(14,1,5) 0
(14,1,6) 0
(14,1,7) 0
(14,1,8) 0
(14,1,9) 0
(14,1,10) 0
(15,0,1) 0
(15,0,2) 0
(15,0,3) 0
(15,0,4) 0
(15,0,5) 0
(15,0,6) 0
(15,0,7) 0
(15,0,8) 0
(15,0,9) 0
(15,0,10) 0
(15,1,1) 0
(15,1,2) 0
(15,1,3) 0
(15,1,4) 0
(15,1,5) 0
(15,1,6) 0
(15,1,7) 0
(15,1,8) 0
(15,1,9) 0
(15,1,10) 0
(16,0,1) 0
(16,0,2) 0
(16,0,3) 0
(16,0,4) 0
(16,0,5) 0
(16,0,6) 0
(16,0,7) 0
(16,0,8) 0
(16,0,9) 0
(16,0,10) 0
(16,1,1) 0
(16,1,2) 0
(16,1,3) 0
(16,1,4) 0
(16,1,5) 0
(16,1,6) 0
(16,1,7) 0
(16,1,8) 0
(16,1,9) 0
(16,1,10) 0
(17,0,1) 0
(17,0,2) 0
(17,0,3) 0
(17,0,4) 0
(17,0,5) 0
(17,0,6) 0
(17,0,7) 0
(17,0,8) 0
(17,0,9) 0
(17,0,10) 0
(17,1,1) 0
(17,1,2) 0
(17,1,3) 0
(17,1,4) 0
(17,1,5) 0
(17,1,6) 0
(17,1,7) 0
(17,1,8) 0
(17,1,9) 0
(17,1,10) 0
(18,0,1) 0
(18,0,2) 0
(18,0,3) 0
(18,0,4) 0
(18,0,5) 0
(18,0,6) 0
(18,0,7) 0
(18,0,8) 0
(18,0,9) 0
(18,0,10) 0
(18,1,1) 0
(18,1,2) 0
(18,1,3) 0
(18,1,4) 0
(18,1,5) 0
(18,1,6) 0
(18,1,7) 0
(18,1,8) 0
(18,1,9) 0
(18,1,10) 0
(19,0,1) 0
(19,0,2) 0
(19,0,3) 0
(19,0,4) 0
(19,0,5) 0
(19,0,6) 0
(19,0,7) 0
(19,0,8) 0
(19,0,9) 0
(19,0,10) 0
(19,1,1) 0
(19,1,2) 0
(19,1,3) 0
(19,1,4) 0
(19,1,5) 0
(19,1,6) 0
(19,1,7) 0
(19,1,8) 0
(19,1,9) 0
(19,1,10) 0
(20,0,1) 0
(20,0,2) 0
(20,0,3) 0
(20,0,4) 0
(20,0,5) 0
(20,0,6) 0
(20,0,7) 0
(20,0,8) 0
(20,0,9) 0
(20,0,10) 0
(20,1,1) 0
(20,1,2) 0
(20,1,3) 0
(20,1,4) 0
(20,1,5) 0
(20,1,6) 0
(20,1,7) 0
(20,1,8) 0
(20,1,9) 0
(20,1,10) 0

(0,0,0) [1,1]
(1,0,0) [-1,-1]
(2,0,1) [0,0]
(2,0,2) [0,0]
(2,0,3) [0,0]
(2,0,4) [0,0]
(2,0,5) [0,0]
(2,0,6) [0,0]
(2,0,7) [0,0]
(2,0,8) [0,0]
(2,0,9) [0,0]
(2,0,10) [0,0]
(2,1,1) [-0.33429600305726154,-0.95]
(2,1,2) [0.02671387927914119,-0.9499996455762828]
(2,1,3) [0.035242665212117615,-0.95]
(2,1,4) [0.053718430570117284,-0.95]
(2,1,5) [0.0968533185287854,-0.95]
(2,1,6) [0.0829185517800679,-0.95]
(2,1,7) [0.14124028357165105,-0.95]
(2,1,8) [0.022003366728848832,-0.95]
(2,1,9) [-0.06154231163667405,-0.95]
(2,1,10) [-0.18386074002301245,-0.95]
(3,0,1) [0,0]
(3,0,2) [0,0]
(3,0,3) [0,0]
(3,0,4) [0,0]
(3,0,5) [0,0]
(3,0,6) [0,0]
(3,0,7) [0,0]
(3,0,8) [0,0]
(3,0,9) [0,0]
(3,0,10) [0,0]
(3,1,1) [-0.334854301543938,-0.928032100253751]
(3,1,2) [-0.05245498799253796,-0.7200702596947776]
(3,1,3) [-0.029890889581240396,-0.9071582859683655]
(3,1,4) [-0.0040567368688269245,-0.9080403480224323]
(3,1,5) [-0.0003332848802110676,-0.8758748476687777]
(3,1,6) [0.012009705310473148,-0.9295404304891144]
(3,1,7) [0.08508924595715754,-0.911156762008374]
(3,1,8) [-0.01364409192812593,-0.9345063733438844]
(3,1,9) [-0.07935350170809849,-0.9059376710119098]
(3,1,10) [-0.21443650452454902,-0.9071030850984294]
(4,0,1) [-0.47412079197107915,-0.95]
(4,0,2) [-0.20584449515138684,-0.95]
(4,0,3) [-0.1564537680222814,-0.95]
(4,0,4) [-0.15825207718275752,-0.95]
(4,0,5) [-0.13568736110397206,-0.95]
(4,0,6) [-0.12159227937663686,-0.9496193550797074]
(4,0,7) [-0.166838027666115,-0.95]
(4,0,8) [-0.22152813819373565,-0.95]
(4,0,9) [-0.25397444243586964,-0.95]
(4,0,10) [-0.36633623508337676,-0.95]
(4,1,1) [-0.4086394424355626,-0.9072093713337129]
(4,1,2) [-0.03949942478501197,-0.5898885498461639]
(4,1,3) [-0.04186546980713936,-0.5657256948837038]
(4,1,4) [-0.042250836648820234,-0.7991309831882705]
(4,1,5) [-0.026405479106589694,-0.7863300563242259]
(4,1,6) [-0.042372469837376005,-0.8062201738293292]
(4,1,7) [0.04042141124569587,-0.8063210732659034]
(4,1,8) [-0.035808454565578664,-0.8122641637935072]
(4,1,9) [-0.09611553762089083,-0.8730952294775219]
(4,1,10) [-0.25173971380667587,-0.8612627906306004]
(5,0,1) [-0.4921091737767997,-0.95]
(5,0,2) [-0.23152329749055361,-0.95]
(5,0,3) [-0.21268270442294201,-0.949999839043245]
(5,0,4) [-0.1922065824251857,-0.95]
(5,0,5) [-0.17830526737930052,-0.9496303732476783]
(5,0,6) [-0.1890572858099975,-0.95]
(5,0,7) [-0.17457085377500378,-0.95]
(5,0,8) [-0.22938993201423036,-0.9499962353013991]
(5,0,9) [-0.28566409355533234,-0.9499999252028272]
(5,0,10) [-0.3797025164383222,-0.95]
(5,1,1) [-0.40045633782175427,-0.8487134956886834]
(5,1,2) [-0.03832466903995494,-0.6006077811688197]
(5,1,3) [-0.11881783434473762,-0.5468761584313001]
(5,1,4) [-0.09538541777594839,-0.47628048098271053]
(5,1,5) [-0.09104954082897895,-0.7006277918751964]
(5,1,6) [-0.03775423370509724,-0.7081923497705015]
(5,1,7) [-0.02917792796346735,-0.7281868327120459]
(5,1,8) [-0.08220129502218221,-0.6804770197800596]
(5,1,9) [-0.15744193035755447,-0.7261792861078968]
(5,1,10) [-0.2966738882034913,-0.7873462223965978]
(6,0,1) [-0.4912789252754207,-0.95]
(6,0,2) [-0.23212073339070521,-0.95]
(6,0,3) [-0.22923992139193763,-0.95]
(6,0,4) [-0.1885642327117467,-0.95]
(6,0,5) [-0.16349793077498745,-0.95]
(6,0,6) [-0.21366560265765205,-0.95]
(6,0,7) [-0.1825776065386171,-0.95]
(6,0,8) [-0.2529249720183792,-0.95]
(6,0,9) [-0.3302838189594742,-0.95]
(6,0,10) [-0.40333481530233845,-0.95]
(6,1,1) [-0.4379238122842074,-0.7664938755355314]
(6,1,2) [-0.15422968290942402,-0.42028987280580776]
(6,1,3) [-0.0998781109606796,-0.24392596914405315]
(6,1,4) [-0.07435744704746333,-0.26334768340772186]
(6,1,5) [-0.027961061824170443,-0.4299627017080112]
(6,1,6) [-0.09350362946388212,-0.6007940756951702]
(6,1,7) [-0.06904214338110579,-0.5762385822879518]
(6,1,8) [-0.13332121081126458,-0.648991229136958]
(6,1,9) [-0.18619812471925487,-0.7106863035165409]
(6,1,10) [-0.3000584466940653,-0.6969607779102885]
(7,0,1) [-0.5253589812450051,-0.95]
(7,0,2) [-0.20523110010629797,-0.949999755773476]
(7,0,3) [-0.20143628485435966,-0.95]
(7,0,4) [-0.14648890201268286,-0.95]
(7,0,5) [-0.11585858046799405,-0.95]
(7,0,6) [-0.14850885800040256,-0.95]
(7,0,7) [-0.19286839755192953,-0.9499995303340657]
(7,0,8) [-0.2775566085888504,-0.95]
(7,0,9) [-0.3442573461759661,-0.95]
(7,0,10) [-0.4072812577120429,-0.9499997009269515]
(7,1,1) [-0.460929466858675,-0.7860635376011359]
(7,1,2) [-0.10291657310743399,-0.33116275052929606]
(7,1,3) [-0.07125166672046489,-0.30878290192741054]
(7,1,4) [-0.07669619790745602,-0.2817927289370215]
(7,1,5) [-0.018878920191807563,-0.10650625157338323]
(7,1,6) [-0.026377439288444975,-0.22568107486278938]
(7,1,7) [-0.0940479901130065,-0.35341269087689786]
(7,1,8) [-0.19787736184303745,-0.5285770447238801]
(7,1,9) [-0.2614384062824294,-0.4377332712575492]
(7,1,10) [-0.2976836600033721,-0.5555460455397283]
(8,0,1) [-0.47134079212232627,-0.95]
(8,0,2) [-0.1528767294980963,-0.95]
(8,0,3) [-0.11074914859895765,-0.95]
(8,0,4) [-0.06606041970200155,-0.95]
(8,0,5) [-0.07013035996733863,-0.95]
(8,0,6) [-0.029186597286646233,-0.95]
(8,0,7) [-0.010415870472414258,-0.95]
(8,0,8) [-0.1984698970590117,-0.95]
(8,0,9) [-0.28439557699468043,-0.95]
(8,0,10) [-0.34776896301309895,-0.95]
(8,1,1) [-0.4385863430312957,-0.526529713448075]
(8,1,2) [-0.04473462593026219,-0.06721778135954998]
(8,1,3) [-0.03619843527578442,-0.05800313377205898]
(8,1,4) [-0.04664538448912508,0.062417026665106644]
(8,1,5) [0.04406269061432958,0.0813948564251463]
(8,1,6) [0.047987104374089894,0.023517763138249312]
(8,1,7) [0.07311160265571706,0.2418012482156845]
(8,1,8) [-0.06747383032679732,-0.24211219122452166]
(8,1,9) [-0.16891212733774633,-0.24857205967493334]
(8,1,10) [-0.27366971802908224,-0.3487529529411516]
(9,0,1) [-0.3870674774554557,-0.9499999689862978]
(9,0,2) [-0.044779376122210855,-0.95]
(9,0,3) [-0.020991218294229834,-0.95]
(9,0,4) [0.011436878374484856,-0.95]
(9,0,5) [0.014254518137946304,-0.95]
(9,0,6) [0.037252824528337995,-0.95]
(9,0,7) [0.10017204244194547,-0.95]
(9,0,8) [0.00471995192636291,-0.95]
(9,0,9) [-0.1826097590464266,-0.9499971694270496]
(9,0,10) [-0.2815998775823928,-0.95]
(9,1,1) [-0.3625874622462028,-0.27178759447295686]
(9,1,2) [-0.0034862132970189213,0.23949607015987084]
(9,1,3) [0.034833465965452955,0.3130174117345949]
(9,1,4) [0.04981037613449085,0.33676558051127453]
(9,1,5) [0.06398880302311073,0.2841989922243607]
(9,1,6) [0.09223644700540641,0.4174725472569643]
(9,1,7) [0.11694388738198178,0.5647182638733721]
(9,1,8) [0.060899200666071934,0.470508807216175]
(9,1,9) [-0.1465574909340557,-0.047400912662851215]
(9,1,10) [-0.21698972264316582,-0.15292571937276997]
(10,0,1) [-0.30391699651218823,-0.95]
(10,0,2) [0.05812942477382187,-0.95]
(10,0,3) [0.08829124920484521,-0.9499999596325579]
(10,0,4) [0.08985377718167871,-0.95]
(10,0,5) [0.10296837841534284,-0.95]
(10,0,6) [0.1147390155749026,-0.95]
(10,0,7) [0.14208815676336584,-0.95]
(10,0,8) [0.11225660807171367,-0.9499998669741941]
(10,0,9) [-0.014627601803674027,-0.95]
(10,0,10) [-0.1660050313266745,-0.9499999647736507]
(10,1,1) [-0.2749955739472733,-0.01752085153989793]
(10,1,2) [0.09218201013123001,0.514563575588296]
(10,1,3) [0.06871780360003472,0.4808291190053498]
(10,1,4) [0.1301893224730414,0.5193982974329423]
(10,1,5) [0.15822695392581732,0.5551802921731971]
(10,1,6) [0.14195157758848606,0.5752503894186487]
(10,1,7) [0.13121736888199098,0.6754497190952843]
(10,1,8) [0.0845357084822524,0.6932542063848548]
(10,1,9) [0.015612024023215647,0.6013454142021419]
(10,1,10) [-0.18764103881952893,0.08773770092921519]
(11,0,1) [-0.24785575798632148,-0.95]
(11,0,2) [0.18043344805045405,-0.95]
(11,0,3) [0.1859069642490035,-0.9499991199796214]
(11,0,4) [0.22756012349708735,-0.95]
(11,0,5) [0.22044228081012376,-0.9499996407830322]
(11,0,6) [0.24484825645611233,-0.95]
(11,0,7) [0.2293638032928915,-0.95]
(11,0,8) [0.18125283478148613,-0.95]
(11,0,9) [0.0905970120726803,-0.9499996192439297]
(11,0,10) [-0.009545444006269456,-0.95]
(11,1,1) [0,0]
(11,1,2) [0,0]
(11,1,3) [0,0]
(11,1,4) [0,0]
(11,1,5) [0,0]
(11,1,6) [0,0]
(11,1,7) [0,0]
(11,1,8) [0,0]
(11,1,9) [0,0]
(11,1,10) [0,0]
(12,0,1) [-0.5505851017991512,-0.95]
(12,0,2) [-0.3043962162890646,-0.95]
(12,0,3) [-0.30140230482718194,-0.95]
(12,0,4) [-0.2936120932961979,-0.95]
(12,0,5) [-0.27063613859108016,-0.95]
(12,0,6) [-0.24824693428946779,-0.95]
(12,0,7) [-0.2553490864312363,-0.95]
(12,0,8) [-0.3151047739032323,-0.9499999983208091]
(12,0,9) [-0.39177758480164504,-0.9499998564579929]
(12,0,10) [-0.4539578945215065,-0.95]
(12,1,1) [0,0]
(12,1,2) [0,0]
(12,1,3) [0,0]
(12,1,4) [0,0]
(12,1,5) [0,0]
(12,1,6) [0,0]
(12,1,7) [0,0]
(12,1,8) [0,0]
(12,1,9) [0,0]
(12,1,10) [0,0]
(13,0,1) [-0.5783593851154719,-0.9418990092766716]
(13,0,2) [-0.3672984793089173,-0.72336093461077]
(13,0,3) [-0.3560817627486676,-0.8783183767455156]
(13,0,4) [-0.3112419133184225,-0.875375441862269]
(13,0,5) [-0.31327465082973777,-0.880704256391565]
(13,0,6) [-0.303134304197875,-0.884510748516681]
(13,0,7) [-0.29513586705802675,-0.9016515177193971]
(13,0,8) [-0.38513728773993317,-0.9051597166423877]
(13,0,9) [-0.400831676998574,-0.909399299333597]
(13,0,10) [-0.4898684827695313,-0.9027068102939072]
(13,1,1) [0,0]
(13,1,2) [0,0]
(13,1,3) [0,0]
(13,1,4) [0,0]
(13,1,5) [0,0]
(13,1,6) [0,0]
(13,1,7) [0,0]
(13,1,8) [0,0]
(13,1,9) [0,0]
(13,1,10) [0,0]
(14,0,1) [-0.6190024866463089,-0.9115577818792345]
(14,0,2) [-0.41744239037329345,-0.6708105080596768]
(14,0,3) [-0.3727951821518076,-0.6122299474645416]
(14,0,4) [-0.38570927718474346,-0.7935116627794186]
(14,0,5) [-0.3746053538105913,-0.8133330554870294]
(14,0,6) [-0.3547743544670285,-0.8094658837926534]
(14,0,7) [-0.3657698414925338,-0.819468542830533]
(14,0,8) [-0.40221187429412425,-0.8414987624799609]
(14,0,9) [-0.4682124659573482,-0.845895677287812]
(14,0,10) [-0.5216701162485736,-0.8389726526035766]
(14,1,1) [0,0]
(14,1,2) [0,0]
(14,1,3) [0,0]
(14,1,4) [0,0]
(14,1,5) [0,0]
(14,1,6) [0,0]
(14,1,7) [0,0]
(14,1,8) [0,0]
(14,1,9) [0,0]
(14,1,10) [0,0]
(15,0,1) [-0.6328590541163304,-0.8758407168247442]
(15,0,2) [-0.436016730257661,-0.5431825253430517]
(15,0,3) [-0.4238007038720671,-0.5222980862531819]
(15,0,4) [-0.4170493771805931,-0.44087603001927456]
(15,0,5) [-0.4028094681886785,-0.6833897108853558]
(15,0,6) [-0.396498378676674,-0.721222343722928]
(15,0,7) [-0.4063202976288581,-0.7410939033354994]
(15,0,8) [-0.4248524224025547,-0.7350557810483749]
(15,0,9) [-0.47710273571356876,-0.7324377265831419]
(15,0,10) [-0.5612309637684239,-0.7685898574087646]
(15,1,1) [0,0]
(15,1,2) [0,0]
(15,1,3) [0,0]
(15,1,4) [0,0]
(15,1,5) [0,0]
(15,1,6) [0,0]
(15,1,7) [0,0]
(15,1,8) [0,0]
(15,1,9) [0,0]
(15,1,10) [0,0]
(16,0,1) [-0.6405470148940495,-0.8263787589375086]
(16,0,2) [-0.46691621683825885,-0.39011526895301296]
(16,0,3) [-0.46362105057416053,-0.38207501099307356]
(16,0,4) [-0.4493707768641857,-0.33704260043604606]
(16,0,5) [-0.42194445347458936,-0.32865249719891293]
(16,0,6) [-0.45589413720462063,-0.5814964995709231]
(16,0,7) [-0.4579238116040887,-0.5932333174394062]
(16,0,8) [-0.48576729451017286,-0.5821377097231349]
(16,0,9) [-0.4937292659307726,-0.6573820338173056]
(16,0,10) [-0.5893079042348662,-0.6734595339056213]
(16,1,1) [0,0]
(16,1,2) [0,0]
(16,1,3) [0,0]
(16,1,4) [0,0]
(16,1,5) [0,0]
(16,1,6) [0,0]
(16,1,7) [0,0]
(16,1,8) [0,0]
(16,1,9) [0,0]
(16,1,10) [0,0]
(17,0,1) [-0.6813392697627976,-0.7152916277744309]
(17,0,2) [-0.5530316398037408,-0.3007462281916428]
(17,0,3) [-0.5147358035260577,-0.2300493887450015]
(17,0,4) [-0.5227685157954991,-0.19309113874319422]
(17,0,5) [-0.5120790436372497,-0.13298530718400262]
(17,0,6) [-0.4784623334051438,-0.14474791504226855]
(17,0,7) [-0.5053365474005304,-0.44078045948696376]
(17,0,8) [-0.5262967785541807,-0.5032962341521675]
(17,0,9) [-0.5713949832193751,-0.5146253805481541]
(17,0,10) [-0.620052173807334,-0.5559428310384578]
(17,1,1) [0,0]
(17,1,2) [0,0]
(17,1,3) [0,0]
(17,1,4) [0,0]
(17,1,5) [0,0]
(17,1,6) [0,0]
(17,1,7) [0,0]
(17,1,8) [0,0]
(17,1,9) [0,0]
(17,1,10) [0,0]
(18,0,1) [-0.7162938639029565,-0.48856683416754987]
(18,0,2) [-0.600515077285409,-0.05301715146514875]
(18,0,3) [-0.6029172720930265,0.0034810215033137023]
(18,0,4) [-0.6092695343594138,0.06044668958291888]
(18,0,5) [-0.5826281176644886,0.0907198136080913]
(18,0,6) [-0.622712677815586,0.1536032827036628]
(18,0,7) [-0.5754594428641703,0.24865585879532617]
(18,0,8) [-0.5831399603484432,-0.2595862989480772]
(18,0,9) [-0.6415709162472185,-0.2788787416613112]
(18,0,10) [-0.6649642120358744,-0.3247021326766533]
(18,1,1) [0,0]
(18,1,2) [0,0]
(18,1,3) [0,0]
(18,1,4) [0,0]
(18,1,5) [0,0]
(18,1,6) [0,0]
(18,1,7) [0,0]
(18,1,8) [0,0]
(18,1,9) [0,0]
(18,1,10) [0,0]
(19,0,1) [-0.794848967061643,-0.25744975635629]
(19,0,2) [-0.6811550104317647,0.28833732359194036]
(19,0,3) [-0.6776802746784526,0.25481066325163537]
(19,0,4) [-0.6710314142555968,0.3155633199697019]
(19,0,5) [-0.6914094660400507,0.3103995992579317]
(19,0,6) [-0.6960263526823408,0.3483254920518494]
(19,0,7) [-0.679194578175428,0.5275167448482124]
(19,0,8) [-0.6905058742854046,0.43289768193145806]
(19,0,9) [-0.669323818949236,-0.06050075717614304]
(19,0,10) [-0.7435165158261208,-0.12972795619184274]
(19,1,1) [0,0]
(19,1,2) [0,0]
(19,1,3) [0,0]
(19,1,4) [0,0]
(19,1,5) [0,0]
(19,1,6) [0,0]
(19,1,7) [0,0]
(19,1,8) [0,0]
(19,1,9) [0,0]
(19,1,10) [0,0]
(20,0,1) [-0.855212300654523,0.03363174871494096]
(20,0,2) [-0.8194946267366473,0.4881225970644013]
(20,0,3) [-0.7978326043351367,0.520311021500703]
(20,0,4) [-0.8077012983563685,0.5105703566702571]
(20,0,5) [-0.7902765361885568,0.5381145124993001]
(20,0,6) [-0.8029628420428827,0.5839083085321864]
(20,0,7) [-0.7972455706944291,0.6544690439139118]
(20,0,8) [-0.8056274614838702,0.6794076558622286]
(20,0,9) [-0.7817690931186514,0.6172435236642159]
(20,0,10) [-0.8101834289437502,0.1018098795061499]
(20,1,1) [0,0]
(20,1,2) [0,0]
(20,1,3) [0,0]
(20,1,4) [0,0]
(20,1,5) [0,0]
(20,1,6) [0,0]
(20,1,7) [0,0]
(20,1,8) [0,0]
(20,1,9) [0,0]
(20,1,10) [0,0]

(0,0,0) 0
(1,0,0) 0
(2,0,1) 0
(2,0,2) 0
(2,0,3) 0
(2,0,4) 0
(2,0,5) 0
(2,0,6) 0
(2,0,7) 0
(2,0,8) 0
(2,0,9) 0
(2,0,10) 0
(2,1,1) 0
(2,1,2) 0
(2,1,3) 0
(2,1,4) 0
(2,1,5) 0
(2,1,6) 0
(2,1,7) 0
(2,1,8) 0
(2,1,9) 0
(2,1,10) 0
(3,0,1) 0
(3,0,2) 0
(3,0,3) 0
(3,0,4) 0
(3,0,5) 0
(3,0,6) 0
(3,0,7) 0
(3,0,8) 0
(3,0,9) 0
(3,0,10) 0
(3,1,1) 0
(3,1,2) 0
(3,1,3) 0
(3,1,4) 0
(3,1,5) 0
(3,1,6) 0
(3,1,7) 0
(3,1,8) 0
(3,1,9) 0
(3,1,10) 0
(4,0,1) 0
(4,0,2) 0
(4,0,3) 0
(4,0,4) 0
(4,0,5) 0
(4,0,6) 0
(4,0,7) 0
(4,0,8) 0
(4,0,9) 0
(4,0,10) 0
(4,1,1) 0
(4,1,2) 0
(4,1,3) 0
(4,1,4) 0
(4,1,5) 0
(4,1,6) 0
(4,1,7) 0
(4,1,8) 0
(4,1,9) 0
(4,1,10) 0
(5,0,1) 0
(5,0,2) 0
(5,0,3) 0
(5,0,4) 0
(5,0,5) 0
(5,0,6) 0
(5,0,7) 0
(5,0,8) 0
(5,0,9) 0
(5,0,10) 0
(5,1,1) 0
(5,1,2) 0
(5,1,3) 0
(5,1,4) 0
(5,1,5) 0
(5,1,6) 0
(5,1,7) 0
(5,1,8) 0
(5,1,9) 0
(5,1,10) 0
(6,0,1) 0
(6,0,2) 0
(6,0,3) 0
(6,0,4) 0
(6,0,5) 0
(6,0,6) 0
(6,0,7) 0
(6,0,8) 0
(6,0,9) 0
(6,0,10) 0
(6,1,1) 0
(6,1,2) 0
(6,1,3) 0
(6,1,4) 0
(6,1,5) 0
(6,1,6) 0
(6,1,7) 0
(6,1,8) 0
(6,1,9) 0
(6,1,10) 0
(7,0,1) 0
(7,0,2) 0
(7,0,3) 0
(7,0,4) 0
(7,0,5) 0
(7,0,6) 0
(7,0,7) 0
(7,0,8) 0
(7,0,9) 0
(7,0,10) 0
(7,1,1) 0
(7,1,2) 0
(7,1,3) 0
(7,1,4) 0
(7,1,5) 0
(7,1,6) 0
(7,1,7) 0
(7,1,8) 0
(7,1,9) 0
(7,1,10) 0
(8,0,1) 0
(8,0,2) 0
(8,0,3) 0
(8,0,4) 0
(8,0,5) 0
(8,0,6) 0
(8,0,7) 0
(8,0,8) 0
(8,0,9) 0
(8,0,10) 0
(8,1,1) 0
(8,1,2) 0
(8,1,3) 0
(8,1,4) 0
(8,1,5) 0
(8,1,6) 0
(8,1,7) 0
(8,1,8) 0
(8,1,9) 0
(8,1,10) 0
(9,0,1) 0
(9,0,2) 0
(9,0,3) 0
(9,0,4) 0
(9,0,5) 0
(9,0,6) 0
(9,0,7) 0
(9,0,8) 0
(9,0,9) 0
(9,0,10) 0
(9,1,1) 0
(9,1,2) 0
(9,1,3) 0
(9,1,4) 0
(9,1,5) 0
(9,1,6) 0
(9,1,7) 0
(9,1,8) 0
(9,1,9) 0
(9,1,10) 0
(10,0,1) 0
(10,0,2) 0
(10,0,3) 0
(10,0,4) 0
(10,0,5) 0
(10,0,6) 0
(10,0,7) 0
(10,0,8) 0
(10,0,9) 0
(10,0,10) 0
(10,1,1) 0
(10,1,2) 0
(10,1,3) 0
(10,1,4) 0
(10,1,5) 0
(10,1,6) 0
(10,1,7) 0
(10,1,8) 0
(10,1,9) 0
(10,1,10) 0
(11,0,1) 0
(11,0,2) 0
(11,0,3) 0
(11,0,4) 0
(11,0,5) 0
(11,0,6) 0
(11,0,7) 0
(11,0,8) 0
(11,0,9) 0
(11,0,10) 0
(11,1,1) 0
(11,1,2) 0
(11,1,3) 0
(11,1,4) 0
(11,1,5) 0
(11,1,6) 0
(11,1,7) 0
(11,1,8) 0
(11,1,9) 0
(11,1,10) 0
(12,0,1) 0
(12,0,2) 0
(12,0,3) 0
(12,0,4) 0
(12,0,5) 0
(12,0,6) 0
(12,0,7) 0
(12,0,8) 0
(12,0,9) 0
(12,0,10) 0
(12,1,1) 0
(12,1,2) 0
(12,1,3) 0
(12,1,4) 0
(12,1,5) 0
(12,1,6) 0
(12,1,7) 0
(12,1,8) 0
(12,1,9) 0
(12,1,10) 0
(13,0,1) 0
(13,0,2) 0
(13,0,3) 0
(13,0,4) 0
(13,0,5) 0
(13,0,6) 0
(13,0,7) 0
(13,0,8) 0
(13,0,9) 0
(13,0,10) 0
(13,1,1) 0
(13,1,2) 0
(13,1,3) 0
(13,1,4) 0
(13,1,5) 0
(13,1,6) 0
(13,1,7) 0
(13,1,8) 0
(13,1,9) 0
(13,1,10) 0
(14,0,1) 0
(14,0,2) 0
(14,0,3) 0
(14,0,4) 0
(14,0,5) 0
(14,0,6) 0
(14,0,7) 0
(14,0,8) 0
(14,0,9) 0
(14,0,10) 0
(14,1,1) 0
(14,1,2) 0
(14,1,3) 0
(14,1,4) 0
(14,1,5) 0
(14,1,6) 0
(14,1,7) 0
(14,1,8) 0
(14,1,9) 0
(14,1,10) 0
(15,0,1) 0
(15,0,2) 0
(15,0,3) 0
(15,0,4) 0
(15,0,5) 0
(15,0,6) 0
(15,0,7) 0
(15,0,8) 0
(15,0,9) 0
(15,0,10) 0
(15,1,1) 0
(15,1,2) 0
(15,1,3) 0
(15,1,4) 0
(15,1,5) 0
(15,1,6) 0
(15,1,7) 0
(15,1,8) 0
(15,1,9) 0
(15,1,10) 0
(16,0,1) 0
(16,0,2) 0
(16,0,3) 0
(16,0,4) 0
(16,0,5) 0
(16,0,6) 0
(16,0,7) 0
(16,0,8) 0
(16,0,9) 0
(16,0,10) 0
(16,1,1) 0
(16,1,2) 0
(16,1,3) 0
(16,1,4) 0
(16,1,5) 0
(16,1,6) 0
(16,1,7) 0
(16,1,8) 0
(16,1,9) 0
(16,1,10) 0
(17,0,1) 0
(17,0,2) 0
(17,0,3) 0
(17,0,4) 0
(17,0,5) 0
(17,0,6) 0
(17,0,7) 0
(17,0,8) 0
(17,0,9) 0
(17,0,10) 0
(17,1,1) 0
(17,1,2) 0
(17,1,3) 0
(17,1,4) 0
(17,1,5) 0
(17,1,6) 0
(17,1,7) 0
(17,1,8) 0
(17,1,9) 0
(17,1,10) 0
(18,0,1) 0
(18,0,2) 0
(18,0,3) 0
(18,0,4) 0
(18,0,5) 0
(18,0,6) 0
(18,0,7) 0
(18,0,8) 0
(18,0,9) 0
(18,0,10) 0
(18,1,1) 0
(18,1,2) 0
(18,1,3) 0
(18,1,4) 0
(18,1,5) 0
(18,1,6) 0
(18,1,7) 0
(18,1,8) 0
(18,1,9) 0
(18,1,10) 0
(19,0,1) 0
(19,0,2) 0
(19,0,3) 0
(19,0,4) 0
(19,0,5) 0
(19,0,6) 0
(19,0,7) 0
(19,0,8) 0
(19,0,9) 0
(19,0,10) 0
(19,1,1) 0
(19,1,2) 0
(19,1,3) 0
(19,1,4) 0
(19,1,5) 0
(19,1,6) 0
(19,1,7) 0
(19,1,8) 0
(19,1,9) 0
(19,1,10) 0
(20,0,1) 0
(20,0,2) 0
(20,0,3) 0
(20,0,4) 0
(20,0,5) 0
(20,0,6) 0
(20,0,7) 0
(20,0,8) 0
(20,0,9) 0
(20,0,10) 0
(20,1,1) 0
(20,1,2) 0
(20,1,3) 0
(20,1,4) 0
(20,1,5) 0
(20,1,6) 0
(20,1,7) 0
(20,1,8) 0
(20,1,9) 0
(20,1,10) 0

(0,0,0) 0
(1,0,0) 0
(2,0,1) 0
(2,0,2) 0
(2,0,3) 0
(2,0,4) 0
(2,0,5) 0
(2,0,6) 0
(2,0,7) 0
(2,0,8) 0
(2,0,9) 0
(2,0,10) 0
(2,1,1) 0
(2,1,2) 0
(2,1,3) 0
(2,1,4) 0
(2,1,5) 0
(2,1,6) 0
(2,1,7) 0
(2,1,8) 0
(2,1,9) 0
(2,1,10) 0
(3,0,1) 0
(3,0,2) 0
(3,0,3) 0
(3,0,4) 0
(3,0,5) 0
(3,0,6) 0
(3,0,7) 0
(3,0,8) 0
(3,0,9) 0
(3,0,10) 0
(3,1,1) 0
(3,1,2) 0
(3,1,3) 0
(3,1,4) 0
(3,1,5) 0
(3,1,6) 0
(3,1,7) 0
(3,1,8) 0
(3,1,9) 0
(3,1,10) 0
(4,0,1) 0
(4,0,2) 0
(4,0,3) 0
(4,0,4) 0
(4,0,5) 0
(4,0,6) 0
(4,0,7) 0
(4,0,8) 0
(4,0,9) 0
(4,0,10) 0
(4,1,1) 0
(4,1,2) 0
(4,1,3) 0
(4,1,4) 0
(4,1,5) 0
(4,1,6) 0
(4,1,7) 0
(4,1,8) 0
(4,1,9) 0
(4,1,10) 0
(5,0,1) 0
(5,0,2) 0
(5,0,3) 0
(5,0,4) 0
(5,0,5) 0
(5,0,6) 0
(5,0,7) 0
(5,0,8) 0
(5,0,9) 0
(5,0,10) 0
(5,1,1) 0
(5,1,2) 0
(5,1,3) 0
(5,1,4) 0
(5,1,5) 0
(5,1,6) 0
(5,1,7) 0
(5,1,8) 0
(5,1,9) 0
(5,1,10) 0
(6,0,1) 0
(6,0,2) 0
(6,0,3) 0
(6,0,4) 0
(6,0,5) 0
(6,0,6) 0
(6,0,7) 0
(6,0,8) 0
(6,0,9) 0
(6,0,10) 0
(6,1,1) 0
(6,1,2) 0
(6,1,3) 0
(6,1,4) 0
(6,1,5) 0
(6,1,6) 0
(6,1,7) 0
(6,1,8) 0
(6,1,9) 0
(6,1,10) 0
(7,0,1) 0
(7,0,2) 0
(7,0,3) 0
(7,0,4) 0
(7,0,5) 0
(7,0,6) 0
(7,0,7) 0
(7,0,8) 0
(7,0,9) 0
(7,0,10) 0
(7,1,1) 0
(7,1,2) 0
(7,1,3) 0
(7,1,4) 0
(7,1,5) 0
(7,1,6) 0
(7,1,7) 0
(7,1,8) 0
(7,1,9) 0
(7,1,10) 0
(8,0,1) 0
(8,0,2) 0
(8,0,3) 0
(8,0,4) 0
(8,0,5) 0
(8,0,6) 0
(8,0,7) 0
(8,0,8) 0
(8,0,9) 0
(8,0,10) 0
(8,1,1) 0
(8,1,2) 0
(8,1,3) 0
(8,1,4) 0
(8,1,5) 0
(8,1,6) 0
(8,1,7) 0
(8,1,8) 0
(8,1,9) 0
(8,1,10) 0
(9,0,1) 0
(9,0,2) 0
(9,0,3) 0
(9,0,4) 0
(9,0,5) 0
(9,0,6) 0
(9,0,7) 0
(9,0,8) 0
(9,0,9) 0
(9,0,10) 0
(9,1,1) 0
(9,1,2) 0
(9,1,3) 0
(9,1,4) 0
(9,1,5) 0
(9,1,6) 0
(9,1,7) 0
(9,1,8) 0
(9,1,9) 0
(9,1,10) 0
(10,0,1) 0
(10,0,2) 0
(10,0,3) 0
(10,0,4) 0
(10,0,5) 0
(10,0,6) 0
(10,0,7) 0
(10,0,8) 0
(10,0,9) 0
(10,0,10) 0
(10,1,1) 0
(10,1,2) 0
(10,1,3) 0
(10,1,4) 0
(10,1,5) 0
(10,1,6) 0
(10,1,7) 0
(10,1,8) 0
(10,1,9) 0
(10,1,10) 0
(11,0,1) 0
(11,0,2) 0
(11,0,3) 0
(11,0,4) 0
(11,0,5) 0
(11,0,6) 0
(11,0,7) 0
(11,0,8) 0
(11,0,9) 0
(11,0,10) 0
(11,1,1) 0
(11,1,2) 0
(11,1,3) 0
(11,1,4) 0
(11,1,5) 0
(11,1,6) 0
(11,1,7) 0
(11,1,8) 0
(11,1,9) 0
(11,1,10) 0
(12,0,1) 0
(12,0,2) 0
(12,0,3) 0
(12,0,4) 0
(12,0,5) 0
(12,0,6) 0
(12,0,7) 0
(12,0,8) 0
(12,0,9) 0
(12,0,10) 0
(12,1,1) 0
(12,1,2) 0
(12,1,3) 0
(12,1,4) 0
(12,1,5) 0
(12,1,6) 0
(12,1,7) 0
(12,1,8) 0
(12,1,9) 0
(12,1,10) 0
(13,0,1) 0
(13,0,2) 0
(13,0,3) 0
(13,0,4) 0
(13,0,5) 0
(13,0,6) 0
(13,0,7) 0
(13,0,8) 0
(13,0,9) 0
(13,0,10) 0
(13,1,1) 0
(13,1,2) 0
(13,1,3) 0
(13,1,4) 0
(13,1,5) 0
(13,1,6) 0
(13,1,7) 0
(13,1,8) 0
(13,1,9) 0
(13,1,10) 0
(14,0,1) 0
(14,0,2) 0
(14,0,3) 0
(14,0,4) 0
(14,0,5) 0
(14,0,6) 0
(14,0,7) 0
(14,0,8) 0
(14,0,9) 0
(14,0,10) 0
(14,1,1) 0
(14,1,2) 0
(14,1,3) 0
(14,1,4) 0
(14,1,5) 0
(14,1,6) 0
(14,1,7) 0
(14,1,8) 0
(14,1,9) 0
(14,1,10) 0
(15,0,1) 0
(15,0,2) 0
(15,0,3) 0
(15,0,4) 0
(15,0,5) 0
(15,0,6) 0
(15,0,7) 0
(15,0,8) 0
(15,0,9) 0
(15,0,10) 0
(15,1,1) 0
(15,1,2) 0
(15,1,3) 0
(15,1,4) 0
(15,1,5) 0
(15,1,6) 0
(15,1,7) 0
(15,1,8) 0
(15,1,9) 0
(15,1,10) 0
(16,0,1) 0
(16,0,2) 0
(16,0,3) 0
(16,0,4) 0
(16,0,5) 0
(16,0,6) 0
(16,0,7) 0
(16,0,8) 0
(16,0,9) 0
(16,0,10) 0
(16,1,1) 0
(16,1,2) 0
(16,1,3) 0
(16,1,4) 0
(16,1,5) 0
(16,1,6) 0
(16,1,7) 0
(16,1,8) 0
(16,1,9) 0
(16,1,10) 0
(17,0,1) 0
(17,0,2) 0
(17,0,3) 0
(17,0,4) 0
(17,0,5) 0
(17,0,6) 0
(17,0,7) 0
(17,0,8) 0
(17,0,9) 0
(17,0,10) 0
(17,1,1) 0
(17,1,2) 0
(17,1,3) 0
(17,1,4) 0
(17,1,5) 0
(17,1,6) 0
(17,1,7) 0
(17,1,8) 0
(17,1,9) 0
(17,1,10) 0
(18,0,1) 0
(18,0,2) 0
(18,0,3) 0
(18,0,4) 0
(18,0,5) 0
(18,0,6) 0
(18,0,7) 0
(18,0,8) 0
(18,0,9) 0
(18,0,10) 0
(18,1,1) 0
(18,1,2) 0
(18,1,3) 0
(18,1,4) 0
(18,1,5) 0
(18,1,6) 0
(18,1,7) 0
(18,1,8) 0
(18,1,9) 0
(18,1,10) 0
(19,0,1) 0
(19,0,2) 0
(19,0,3) 0
(19,0,4) 0
(19,0,5) 0
(19,0,6) 0
(19,0,7) 0
(19,0,8) 0
(19,0,9) 0
(19,0,10) 0
(19,1,1) 0
(19,1,2) 0
(19,1,3) 0
(19,1,4) 0
(19,1,5) 0
(19,1,6) 0
(19,1,7) 0
(19,1,8) 0
(19,1,9) 0
(19,1,10) 0
(20,0,1) 0
(20,0,2) 0
(20,0,3) 0
(20,0,4) 0
(20,0,5) 0
(20,0,6) 0
(20,0,7) 0
(20,0,8) 0
(20,0,9) 0
(20,0,10) 0
(20,1,1) 0
(20,1,2) 0
(20,1,3) 0
(20,1,4) 0
(20,1,5) 0
(20,1,6) 0
(20,1,7) 0
(20,1,8) 0
(20,1,9) 0
(20,1,10) 0

(0,0,0) 0
(1,0,0) 0
(2,0,1) 0
(2,0,2) 0
(2,0,3) 0
(2,0,4) 0
(2,0,5) 0
(2,0,6) 0
(2,0,7) 0
(2,0,8) 0
(2,0,9) 0
(2,0,10) 0
(2,1,1) 0
(2,1,2) 0
(2,1,3) 0
(2,1,4) 0
(2,1,5) 0
(2,1,6) 0
(2,1,7) 0
(2,1,8) 0
(2,1,9) 0
(2,1,10) 0
(3,0,1) 0
(3,0,2) 0
(3,0,3) 0
(3,0,4) 0
(3,0,5) 0
(3,0,6) 0
(3,0,7) 0
(3,0,8) 0
(3,0,9) 0
(3,0,10) 0
(3,1,1) 0
(3,1,2) 0
(3,1,3) 0
(3,1,4) 0
(3,1,5) 0
(3,1,6) 0
(3,1,7) 0
(3,1,8) 0
(3,1,9) 0
(3,1,10) 0
(4,0,1) 0
(4,0,2) 0
(4,0,3) 0
(4,0,4) 0
(4,0,5) 0
(4,0,6) 0
(4,0,7) 0
(4,0,8) 0
(4,0,9) 0
(4,0,10) 0
(4,1,1) 0
(4,1,2) 0
(4,1,3) 0
(4,1,4) 0
(4,1,5) 0
(4,1,6) 0
(4,1,7) 0
(4,1,8) 0
(4,1,9) 0
(4,1,10) 0
(5,0,1) 0
(5,0,2) 0
(5,0,3) 0
(5,0,4) 0
(5,0,5) 0
(5,0,6) 0
(5,0,7) 0
(5,0,8) 0
(5,0,9) 0
(5,0,10) 0
(5,1,1) 0
(5,1,2) 0
(5,1,3) 0
(5,1,4) 0
(5,1,5) 0
(5,1,6) 0
(5,1,7) 0
(5,1,8) 0
(5,1,9) 0
(5,1,10) 0
(6,0,1) 0
(6,0,2) 0
(6,0,3) 0
(6,0,4) 0
(6,0,5) 0
(6,0,6) 0
(6,0,7) 0
(6,0,8) 0
(6,0,9) 0
(6,0,10) 0
(6,1,1) 0
(6,1,2) 0
(6,1,3) 0
(6,1,4) 0
(6,1,5) 0
(6,1,6) 0
(6,1,7) 0
(6,1,8) 0
(6,1,9) 0
(6,1,10) 0
(7,0,1) 0
(7,0,2) 0
(7,0,3) 0
(7,0,4) 0
(7,0,5) 0
(7,0,6) 0
(7,0,7) 0
(7,0,8) 0
(7,0,9) 0
(7,0,10) 0
(7,1,1) 0
(7,1,2) 0
(7,1,3) 0
(7,1,4) 0
(7,1,5) 0
(7,1,6) 0
(7,1,7) 0
(7,1,8) 0
(7,1,9) 0
(7,1,10) 0
(8,0,1) 0
(8,0,2) 0
(8,0,3) 0
(8,0,4) 0
(8,0,5) 0
(8,0,6) 0
(8,0,7) 0
(8,0,8) 0
(8,0,9) 0
(8,0,10) 0
(8,1,1) 0
(8,1,2) 0
(8,1,3) 0
(8,1,4) 0
(8,1,5) 0
(8,1,6) 0
(8,1,7) 0
(8,1,8) 0
(8,1,9) 0
(8,1,10) 0
(9,0,1) 0
(9,0,2) 0
(9,0,3) 0
(9,0,4) 0
(9,0,5) 0
(9,0,6) 0
(9,0,7) 0
(9,0,8) 0
(9,0,9) 0
(9,0,10) 0
(9,1,1) 0
(9,1,2) 0
(9,1,3) 0
(9,1,4) 0
(9,1,5) 0
(9,1,6) 0
(9,1,7) 0
(9,1,8) 0
(9,1,9) 0
(9,1,10) 0
(10,0,1) 0
(10,0,2) 0
(10,0,3) 0
(10,0,4) 0
(10,0,5) 0
(10,0,6) 0
(10,0,7) 0
(10,0,8) 0
(10,0,9) 0
(10,0,10) 0
(10,1,1) 0
(10,1,2) 0
(10,1,3) 0
(10,1,4) 0
(10,1,5) 0
(10,1,6) 0
(10,1,7) 0
(10,1,8) 0
(10,1,9) 0
(10,1,10) 0
(11,0,1) 0
(11,0,2) 0
(11,0,3) 0
(11,0,4) 0
(11,0,5) 0
(11,0,6) 0
(11,0,7) 0
(11,0,8) 0
(11,0,9) 0
(11,0,10) 0
(11,1,1) 0
(11,1,2) 0
(11,1,3) 0
(11,1,4) 0
(11,1,5) 0
(11,1,6) 0
(11,1,7) 0
(11,1,8) 0
(11,1,9) 0
(11,1,10) 0
(12,0,1) 0
(12,0,2) 0
(12,0,3) 0
(12,0,4) 0
(12,0,5) 0
(12,0,6) 0
(12,0,7) 0
(12,0,8) 0
(12,0,9) 0
(12,0,10) 0
(12,1,1) 0
(12,1,2) 0
(12,1,3) 0
(12,1,4) 0
(12,1,5) 0
(12,1,6) 0
(12,1,7) 0
(12,1,8) 0
(12,1,9) 0
(12,1,10) 0
(13,0,1) 0
(13,0,2) 0
(13,0,3) 0
(13,0,4) 0
(13,0,5) 0
(13,0,6) 0
(13,0,7) 0
(13,0,8) 0
(13,0,9) 0
(13,0,10) 0
(13,1,1) 0
(13,1,2) 0
(13,1,3) 0
(13,1,4) 0
(13,1,5) 0
(13,1,6) 0
(13,1,7) 0
(13,1,8) 0
(13,1,9) 0
(13,1,10) 0
(14,0,1) 0
(14,0,2) 0
(14,0,3) 0
(14,0,4) 0
(14,0,5) 0
(14,0,6) 0
(14,0,7) 0
(14,0,8) 0
(14,0,9) 0
(14,0,10) 0
(14,1,1) 0
(14,1,2) 0
(14,1,3) 0
(14,1,4) 0
(14,1,5) 0
(14,1,6) 0
(14,1,7) 0
(14,1,8) 0
(14,1,9) 0
(14,1,10) 0
(15,0,1) 0
(15,0,2) 0
(15,0,3) 0
(15,0,4) 0
(15,0,5) 0
(15,0,6) 0
(15,0,7) 0
(15,0,8) 0
(15,0,9) 0
(15,0,10) 0
(15,1,1) 0
(15,1,2) 0
(15,1,3) 0
(15,1,4) 0
(15,1,5) 0
(15,1,6) 0
(15,1,7) 0
(15,1,8) 0
(15,1,9) 0
(15,1,10) 0
(16,0,1) 0
(16,0,2) 0
(16,0,3) 0
(16,0,4) 0
(16,0,5) 0
(16,0,6) 0
(16,0,7) 0
(16,0,8) 0
(16,0,9) 0
(16,0,10) 0
(16,1,1) 0
(16,1,2) 0
(16,1,3) 0
(16,1,4) 0
(16,1,5) 0
(16,1,6) 0
(16,1,7) 0
(16,1,8) 0
(16,1,9) 0
(16,1,10) 0
(17,0,1) 0
(17,0,2) 0
(17,0,3) 0
(17,0,4) 0
(17,0,5) 0
(17,0,6) 0
(17,0,7) 0
(17,0,8) 0
(17,0,9) 0
(17,0,10) 0
(17,1,1) 0
(17,1,2) 0
(17,1,3) 0
(17,1,4) 0
(17,1,5) 0
(17,1,6) 0
(17,1,7) 0
(17,1,8) 0
(17,1,9) 0
(17,1,10) 0
(18,0,1) 0
(18,0,2) 0
(18,0,3) 0
(18,0,4) 0
(18,0,5) 0
(18,0,6) 0
(18,0,7) 0
(18,0,8) 0
(18,0,9) 0
(18,0,10) 0
(18,1,1) 0
(18,1,2) 0
(18,1,3) 0
(18,1,4) 0
(18,1,5) 0
(18,1,6) 0
(18,1,7) 0
(18,1,8) 0
(18,1,9) 0
(18,1,10) 0
(19,0,1) 0
(19,0,2) 0
(19,0,3) 0
(19,0,4) 0
(19,0,5) 0
(19,0,6) 0
(19,0,7) 0
(19,0,8) 0
(19,0,9) 0
(19,0,10) 0
(19,1,1) 0
(19,1,2) 0
(19,1,3) 0
(19,1,4) 0
(19,1,5) 0
(19,1,6) 0
(19,1,7) 0
(19,1,8) 0
(19,1,9) 0
(19,1,10) 0
(20,0,1) 0
(20,0,2) 0
(20,0,3) 0
(20,0,4) 0
(20,0,5) 0
(20,0,6) 0
(20,0,7) 0
(20,0,8) 0
(20,0,9) 0
(20,0,10) 0
(20,1,1) 0
(20,1,2) 0
(20,1,3) 0
(20,1,4) 0
(20,1,5) 0
(20,1,6) 0
(20,1,7) 0
(20,1,8) 0
(20,1,9) 0
(20,1,10) 0

(0,0,0) 483330
(1,0,0) 941020
(2,0,1) 0
(2,0,2) 0
(2,0,3) 0
(2,0,4) 0
(2,0,5) 0
(2,0,6) 0
(2,0,7) 0
(2,0,8) 0
(2,0,9) 0
(2,0,10) 0
(2,1,1) 651
(2,1,2) 694
(2,1,3) 633
(2,1,4) 590
(2,1,5) 609
(2,1,6) 653
(2,1,7) 651
(2,1,8) 611
(2,1,9) 599
(2,1,10) 2558
(3,0,1) 0
(3,0,2) 0
(3,0,3) 0
(3,0,4) 0
(3,0,5) 0
(3,0,6) 0
(3,0,7) 0
(3,0,8) 0
(3,0,9) 0
(3,0,10) 0
(3,1,1) 1335
(3,1,2) 1376
(3,1,3) 1341
(3,1,4) 1314
(3,1,5) 1368
(3,1,6) 1389
(3,1,7) 1381
(3,1,8) 1368
(3,1,9) 1259
(3,1,10) 5453
(4,0,1) 666
(4,0,2) 666
(4,0,3) 655
(4,0,4) 627
(4,0,5) 617
(4,0,6) 617
(4,0,7) 624
(4,0,8) 629
(4,0,9) 691
(4,0,10) 2709
(4,1,1) 1455
(4,1,2) 1449
(4,1,3) 1362
(4,1,4) 1408
(4,1,5) 1439
(4,1,6) 1390
(4,1,7) 1372
(4,1,8) 1405
(4,1,9) 1430
(4,1,10) 5635
(5,0,1) 1312
(5,0,2) 1330
(5,0,3) 1307
(5,0,4) 1303
(5,0,5) 1281
(5,0,6) 1281
(5,0,7) 1285
(5,0,8) 1295
(5,0,9) 1320
(5,0,10) 5267
(5,1,1) 1553
(5,1,2) 1535
(5,1,3) 1516
(5,1,4) 1581
(5,1,5) 1539
(5,1,6) 1453
(5,1,7) 1561
(5,1,8) 1627
(5,1,9) 1545
(5,1,10) 6179
(6,0,1) 1977
(6,0,2) 1979
(6,0,3) 1925
(6,0,4) 1978
(6,0,5) 1967
(6,0,6) 1956
(6,0,7) 2025
(6,0,8) 1972
(6,0,9) 1922
(6,0,10) 7988
(6,1,1) 1652
(6,1,2) 1664
(6,1,3) 1738
(6,1,4) 1715
(6,1,5) 1650
(6,1,6) 1633
(6,1,7) 1666
(6,1,8) 1686
(6,1,9) 1637
(6,1,10) 6756
(7,0,1) 2615
(7,0,2) 2773
(7,0,3) 2757
(7,0,4) 2662
(7,0,5) 2620
(7,0,6) 2686
(7,0,7) 2784
(7,0,8) 2739
(7,0,9) 2744
(7,0,10) 10803
(7,1,1) 1805
(7,1,2) 1773
(7,1,3) 1864
(7,1,4) 1881
(7,1,5) 1824
(7,1,6) 1861
(7,1,7) 1853
(7,1,8) 1780
(7,1,9) 1827
(7,1,10) 7311
(8,0,1) 3505
(8,0,2) 3597
(8,0,3) 3512
(8,0,4) 3468
(8,0,5) 3389
(8,0,6) 3528
(8,0,7) 3452
(8,0,8) 3430
(8,0,9) 3528
(8,0,10) 13933
(8,1,1) 1919
(8,1,2) 1976
(8,1,3) 1890
(8,1,4) 1989
(8,1,5) 1904
(8,1,6) 1949
(8,1,7) 1946
(8,1,8) 2041
(8,1,9) 1935
(8,1,10) 7837
(9,0,1) 4254
(9,0,2) 4409
(9,0,3) 4300
(9,0,4) 4317
(9,0,5) 4351
(9,0,6) 4147
(9,0,7) 4236
(9,0,8) 4277
(9,0,9) 4250
(9,0,10) 17313
(9,1,1) 2081
(9,1,2) 2141
(9,1,3) 2117
(9,1,4) 2124
(9,1,5) 2131
(9,1,6) 2069
(9,1,7) 2094
(9,1,8) 2110
(9,1,9) 2137
(9,1,10) 8587
(10,0,1) 5153
(10,0,2) 5237
(10,0,3) 5052
(10,0,4) 5022
(10,0,5) 5131
(10,0,6) 5312
(10,0,7) 5195
(10,0,8) 5248
(10,0,9) 5072
(10,0,10) 20333
(10,1,1) 2243
(10,1,2) 2210
(10,1,3) 2258
(10,1,4) 2260
(10,1,5) 2199
(10,1,6) 2189
(10,1,7) 2154
(10,1,8) 2320
(10,1,9) 2286
(10,1,10) 8927
(11,0,1) 6236
(11,0,2) 6026
(11,0,3) 6008
(11,0,4) 6130
(11,0,5) 6101
(11,0,6) 6045
(11,0,7) 6175
(11,0,8) 6086
(11,0,9) 5992
(11,0,10) 24430
(11,1,1) 0
(11,1,2) 0
(11,1,3) 0
(11,1,4) 0
(11,1,5) 0
(11,1,6) 0
(11,1,7) 0
(11,1,8) 0
(11,1,9) 0
(11,1,10) 0
(12,0,1) 12333
(12,0,2) 12233
(12,0,3) 12119
(12,0,4) 12074
(12,0,5) 12161
(12,0,6) 11938
(12,0,7) 12113
(12,0,8) 11947
(12,0,9) 12276
(12,0,10) 48251
(12,1,1) 0
(12,1,2) 0
(12,1,3) 0
(12,1,4) 0
(12,1,5) 0
(12,1,6) 0
(12,1,7) 0
(12,1,8) 0
(12,1,9) 0
(12,1,10) 0
(13,0,1) 12417
(13,0,2) 12475
(13,0,3) 12125
(13,0,4) 12219
(13,0,5) 12323
(13,0,6) 12008
(13,0,7) 12113
(13,0,8) 12549
(13,0,9) 12259
(13,0,10) 49149
(13,1,1) 0
(13,1,2) 0
(13,1,3) 0
(13,1,4) 0
(13,1,5) 0
(13,1,6) 0
(13,1,7) 0
(13,1,8) 0
(13,1,9) 0
(13,1,10) 0
(14,0,1) 12657
(14,0,2) 12616
(14,0,3) 12275
(14,0,4) 12193
(14,0,5) 12322
(14,0,6) 12457
(14,0,7) 12336
(14,0,8) 12539
(14,0,9) 12657
(14,0,10) 49521
(14,1,1) 0
(14,1,2) 0
(14,1,3) 0
(14,1,4) 0
(14,1,5) 0
(14,1,6) 0
(14,1,7) 0
(14,1,8) 0
(14,1,9) 0
(14,1,10) 0
(15,0,1) 12627
(15,0,2) 12740
(15,0,3) 12463
(15,0,4) 12656
(15,0,5) 12605
(15,0,6) 12488
(15,0,7) 12562
(15,0,8) 12636
(15,0,9) 12497
(15,0,10) 50412
(15,1,1) 0
(15,1,2) 0
(15,1,3) 0
(15,1,4) 0
(15,1,5) 0
(15,1,6) 0
(15,1,7) 0
(15,1,8) 0
(15,1,9) 0
(15,1,10) 0
(16,0,1) 12521
(16,0,2) 12609
(16,0,3) 12555
(16,0,4) 12621
(16,0,5) 12609
(16,0,6) 12718
(16,0,7) 12589
(16,0,8) 12551
(16,0,9) 12779
(16,0,10) 50947
(16,1,1) 0
(16,1,2) 0
(16,1,3) 0
(16,1,4) 0
(16,1,5) 0
(16,1,6) 0
(16,1,7) 0
(16,1,8) 0
(16,1,9) 0
(16,1,10) 0
(17,0,1) 12828
(17,0,2) 12143
(17,0,3) 12165
(17,0,4) 12046
(17,0,5) 12013
(17,0,6) 12719
(17,0,7) 12512
(17,0,8) 12923
(17,0,9) 12882
(17,0,10) 50834
(17,1,1) 0
(17,1,2) 0
(17,1,3) 0
(17,1,4) 0
(17,1,5) 0
(17,1,6) 0
(17,1,7) 0
(17,1,8) 0
(17,1,9) 0
(17,1,10) 0
(18,0,1) 12922
(18,0,2) 11594
(18,0,3) 11664
(18,0,4) 11325
(18,0,5) 11370
(18,0,6) 11975
(18,0,7) 12214
(18,0,8) 12404
(18,0,9) 12253
(18,0,10) 49199
(18,1,1) 0
(18,1,2) 0
(18,1,3) 0
(18,1,4) 0
(18,1,5) 0
(18,1,6) 0
(18,1,7) 0
(18,1,8) 0
(18,1,9) 0
(18,1,10) 0
(19,0,1) 12044
(19,0,2) 10993
(19,0,3) 10798
(19,0,4) 10497
(19,0,5) 10921
(19,0,6) 11175
(19,0,7) 11360
(19,0,8) 11430
(19,0,9) 11416
(19,0,10) 45407
(19,1,1) 0
(19,1,2) 0
(19,1,3) 0
(19,1,4) 0
(19,1,5) 0
(19,1,6) 0
(19,1,7) 0
(19,1,8) 0
(19,1,9) 0
(19,1,10) 0
(20,0,1) 16984
(20,0,2) 15996
(20,0,3) 15737
(20,0,4) 15837
(20,0,5) 16018
(20,0,6) 16554
(20,0,7) 16502
(20,0,8) 16744
(20,0,9) 16688
(20,0,10) 66125
(20,1,1) 0
(20,1,2) 0
(20,1,3) 0
(20,1,4) 0
(20,1,5) 0
(20,1,6) 0
(20,1,7) 0
(20,1,8) 0
(20,1,9) 0
(20,1,10) 0

